4294967279,407
4294967279,155
4294967279,152
4294967278,151
4294967278,114
4294967278,78
4294967279,83
4294967279,74
4294967279,35
4294967279,34
4294967279,32
4294967279,30
4294967279,25
4294967279,14
4294967279,271
4294967279,270
4294967279,6
4294967278,333
4294967278,363
4294967278,364
1261,6
1261,5
1261,4
1261,3
1261,2
1261,1
4294967278,227
4294967279,318
4294967294,441
4294967278,214
1259,5
1259,4
1259,3
1259,2
1259,1
4294967294,482
1256,4
1256,3
1256,2
1256,1
4294967278,199
1255,4
1255,3
1255,2
1255,1
4294967278,370
4294967278,225
1254,6
1254,5
1254,4
1254,3
1254,2
1254,1
4294967294,978
4294967294,980
4294967294,976
4294967278,223
4294967279,181
1252,4
1252,3
1252,2
1252,1
1250,5
1250,4
1250,3
1250,2
1250,1
1249,4
4294967278,149
1249,3
1249,2
1249,1
4294967278,111
4294967279,24
4294967279,417
4294967279,23
4294967279,468
4294967279,22
4294967279,20
4294967279,18
4294967294,184
4294967294,448
1247,4
1247,3
1247,2
1247,1
4294967294,46
1246,5
1246,4
1246,3
1246,2
1246,1
4294967278,221
4294967278,280
4294967279,259
1245,6
4294967279,262
1245,5
4294967278,258
1245,4
1245,3
1245,2
1245,1
4294967278,257
4294967278,330
4294967278,329
4294967278,217
4294967278,375
4294967279,253
4294967278,254
4294967279,315
4294967279,0
4294967278,253
4294967278,248
4294967294,989
4294967278,246
4294967278,244
4294967279,244
4294967278,242
1242,4
1242,3
1242,2
1242,1
4294967294,481
4294967279,234
4294967278,404
1240,6
4294967294,480
4294967279,224
4294967278,331
4294967278,224
1240,5
4294967278,220
1240,4
1240,3
1240,2
1240,1
4294967278,100
4294967278,212
4294967279,442
1239,5
4294967278,211
1239,4
1239,3
1239,2
1239,1
4294967279,313
4294967279,210
4294967294,972
4294967278,207
1238,4
1238,3
1238,2
1238,1
4294967278,203
1237,5
4294967278,201
1237,4
4294967279,202
1237,3
1237,2
1237,1
4294967278,200
4294967278,198
1236,4
1236,3
1236,2
1236,1
4294967278,215
4294967278,195
4294967278,194
4294967279,195
1235,4
4294967278,193
1235,3
1235,2
1235,1
4294967278,192
4294967278,189
4294967279,411
1234,6
4294967278,188
4294967278,187
1234,5
4294967279,187
1234,4
1234,3
1234,2
1234,1
4294967278,383
4294967278,182
1233,4
1233,3
1233,2
1233,1
4294967294,1422
4294967279,300
1232,6
1232,5
1232,4
1232,3
1232,2
1232,1
4294967294,111
4294967294,397
4294967294,160
1231,4
1231,3
1231,2
1231,1
4294967294,1420
4294967294,971
4294967294,975
4294967294,186
4294967294,89
4294967279,309
4294967294,40
4294967294,38
4294967294,37
4294967278,296
4294967278,137
4294967279,438
4294967278,382
4294967294,107
4294967294,90
4294967294,86
4294967294,84
4294967294,419
4294967294,1022
4294967294,1019
4294967294,53
4294967294,393
4294967278,290
4294967294,9
4294967294,92
4294967294,88
4294967278,369
4294967294,426
4294967279,236
4294967279,220
4294967278,260
4294967279,421
4294967279,303
4294967279,302
4294967278,273
4294967279,301
4294967278,150
4294967278,144
4294967279,299
4294967294,5
4294967278,0
4294967294,438
4294967294,97
4294967294,99
4294967294,41
4294967294,990
4294967294,50
4294967294,81
4294967294,1035
4294967294,36
4294967294,39
4294967294,430
4294967294,43
4294967294,417
4294967294,51
4294967294,1038
4294967294,82
4294967294,1419
4294967278,377
4294967279,391
4294967279,248
4294967279,246
4294967279,506
4294967294,7
4294967293,131
4294967293,130
4294967293,129
4294967293,128
4294967293,127
4294967293,126
4294967293,125
4294967293,124
4294967293,123
4294967293,122
4294967293,121
4294967293,120
4294967293,119
4294967293,118
4294967293,117
4294967293,116
4294967293,115
4294967293,114
4294967293,113
4294967293,112
4294967293,111
4294967293,110
4294967293,109
4294967293,108
4294967293,107
4294967293,106
4294967293,105
4294967293,104
4294967293,103
4294967293,102
4294967293,101
4294967293,100
4294967293,99
4294967293,98
4294967293,97
4294967293,96
4294967293,95
4294967293,94
4294967293,93
4294967293,92
4294967293,91
4294967293,90
4294967293,89
4294967293,87
4294967293,86
4294967293,85
4294967293,84
4294967293,83
4294967293,82
4294967293,81
4294967293,80
4294967293,79
4294967293,78
4294967293,77
4294967293,76
4294967293,75
4294967293,74
4294967293,73
4294967293,72
4294967293,71
4294967293,70
4294967293,69
4294967293,68
4294967293,67
4294967293,66
4294967293,65
4294967293,64
4294967293,63
4294967293,62
4294967293,61
4294967293,60
4294967293,59
4294967293,58
4294967293,57
4294967293,56
4294967293,55
4294967293,54
4294967293,53
4294967293,52
4294967293,51
4294967293,50
4294967293,49
4294967293,48
4294967293,47
4294967293,46
4294967293,45
4294967293,44
4294967293,43
4294967293,42
4294967293,41
4294967293,40
4294967293,39
4294967293,38
4294967293,37
4294967293,36
4294967293,35
4294967293,34
4294967293,33
4294967293,32
4294967293,31
4294967293,30
4294967293,29
4294967293,28
4294967293,27
4294967293,26
4294967293,25
4294967293,24
4294967293,23
4294967293,22
4294967293,21
4294967293,20
4294967293,19
4294967293,18
4294967293,17
4294967293,16
4294967293,15
4294967293,14
4294967293,13
4294967293,12
4294967293,11
4294967293,10
4294967293,9
4294967293,8
4294967293,7
4294967293,6
4294967293,5
4294967293,4
4294967293,3
4294967278,69
4294967278,67
4294967279,95
4294967279,94
4294967279,91
4294967279,89
4294967279,58
4294967278,381
4294967279,298
4294967279,443
4294967279,222
4294967279,105
4294967279,104
4294967279,103
4294967279,101
1230,6
1230,5
1230,4
1230,2
1230,1
4294967279,92
4294967279,90
4294967279,498
1228,5
1228,4
1228,3
1228,2
1228,1
4294967279,67
4294967294,479
1225,4
1225,3
1225,2
1225,1
4294967294,401
1224,4
1224,3
1224,2
1224,1
4294967279,297
4294967294,413
4294967294,403
4294967294,420
4294967294,425
4294967294,411
4294967294,981
4294967294,418
4294967294,414
4294967294,468
4294967294,118
1223,6
1223,5
1223,4
1223,2
1223,1
4294967278,174
4294967278,145
4294967278,146
4294967278,316
4294967279,102
4294967279,99
4294967279,98
4294967279,260
4294967279,93
4294967279,446
4294967279,444
4294967278,141
1221,4
1221,3
1221,2
1221,1
4294967278,140
4294967278,139
4294967278,138
4294967278,380
4294967278,269
1219,5
1219,4
1219,3
1219,2
1219,1
4294967278,413
1218,4
4294967278,264
1218,3
1218,2
1218,1
1216,4
1216,3
1216,2
1216,1
4294967278,305
4294967279,448
4294967279,296
4294967279,394
4294967279,393
4294967278,312
1215,5
1215,4
1215,2
1215,1
4294967278,292
4294967279,242
4294967279,240
4294967279,238
4294967279,237
4294967279,247
4294967278,403
4294967279,232
1214,6
4294967279,230
1214,5
1214,4
4294967279,228
1214,2
1214,1
4294967279,218
4294967279,216
4294967279,280
4294967279,209
4294967279,208
4294967279,207
4294967279,206
4294967279,205
1211,4
1211,3
1211,2
1211,1
1209,6
4294967294,478
4294967279,194
1209,5
1209,4
1209,3
1209,2
1209,1
4294967278,379
4294967278,385
1208,5
4294967294,1024
1208,4
1208,3
1208,2
1208,1
4294967278,183
1207,4
4294967279,182
1207,3
1207,2
1207,1
4294967278,378
1206,5
4294967278,176
1206,4
1206,3
1206,2
1206,1
1205,4
1205,3
1205,2
1205,1
1204,4
1204,3
1204,2
1204,1
1203,6
4294967294,164
1203,5
1203,4
1203,3
1203,2
1203,1
1202,4
1202,3
1202,2
1202,1
1201,6
4294967278,281
1201,5
1201,4
1201,3
1201,2
1201,1
4294967279,486
1200,4
1200,3
1200,2
1200,1
4294967278,431
4294967279,430
4294967278,411
4294967294,185
4294967294,176
4294967294,973
4294967278,376
4294967278,374
4294967278,384
4294967278,442
4294967279,295
4294967278,444
4294967279,435
4294967278,373
4294967279,477
4294967279,434
4294967278,372
4294967279,505
4294967278,439
4294967279,196
4294967279,193
4294967279,190
4294967279,491
4294967278,301
4294967279,183
4294967279,175
4294967278,172
4294967279,173
4294967278,169
4294967278,294
4294967278,134
4294967279,273
4294967279,272
4294967279,453
4294967279,436
4294967278,391
1199,6
1199,5
1199,4
1199,2
1199,1
4294967279,451
4294967278,320
4294967279,429
4294967279,219
4294967278,371
4294967279,457
4294967278,311
4294967278,310
1197,5
1197,4
1197,3
1197,2
1197,1
4294967279,307
4294967294,477
1194,4
1194,3
1194,2
1194,1
4294967279,214
1193,4
1193,3
1193,2
1193,1
4294967294,2
1192,6
1192,5
1192,4
1192,2
1192,1
4294967294,17
4294967294,76
4294967294,988
4294967294,0
4294967294,45
4294967294,44
4294967294,91
4294967294,87
4294967294,85
4294967294,29
4294967294,28
